	(1)	(2)	(3)	(4)
VARIABLES	ppu	ppu	ppu	ppu
				
tax2020	0.392***	0.302***	-0.0597	0.384***
	(0.0610)	(0.0425)	(0.288)	(0.0534)
sexo	-0.0165	-0.00509	-0.0186	-0.0702
	(0.294)	(0.293)	(0.294)	(0.297)
2.edad_gr2	-0.136	-0.116	-0.127	-0.108
	(0.305)	(0.304)	(0.305)	(0.305)
3.edad_gr2	-0.211	-0.210	-0.224	-0.198
	(0.426)	(0.425)	(0.426)	(0.426)
4.edad_gr2	-0.0882	-0.0924	-0.128	-0.0571
	(0.478)	(0.477)	(0.478)	(0.478)
5.edad_gr2	0.690	0.670	0.625	0.732
	(0.580)	(0.578)	(0.580)	(0.580)
6.edad_gr2	1.510**	1.531**	1.444**	1.531**
	(0.706)	(0.703)	(0.708)	(0.705)
7.edad_gr2	0.713	0.787	0.699	0.701
	(0.814)	(0.812)	(0.818)	(0.814)
8.edad_gr2	1.080	1.230	1.144	1.106
	(0.962)	(0.961)	(0.968)	(0.962)
2.educ_gr2	-0.322	-0.410	-0.409	-0.301
	(0.448)	(0.448)	(0.449)	(0.449)
3.educ_gr2	-0.235	-0.343	-0.331	-0.230
	(0.459)	(0.460)	(0.461)	(0.459)
4.educ_gr2	-0.153	-0.260	-0.252	-0.135
	(0.457)	(0.458)	(0.459)	(0.458)
5.educ_gr2	-0.405	-0.485	-0.484	-0.383
	(0.487)	(0.487)	(0.488)	(0.488)
6.educ_gr2	-0.397	-0.491	-0.490	-0.377
	(0.496)	(0.496)	(0.497)	(0.496)
7.educ_gr2	-0.465	-0.550	-0.560	-0.418
	(0.622)	(0.621)	(0.622)	(0.622)
9o.educ_gr2	-	-	-	-
				
2.gr_ingr	0.321	0.299	0.287	0.341
	(0.243)	(0.243)	(0.243)	(0.244)
3.gr_ingr	0.119	0.119	0.101	0.147
	(0.230)	(0.229)	(0.230)	(0.231)
4.gr_ingr	0.103	0.103	0.0962	0.129
	(0.239)	(0.238)	(0.238)	(0.239)
5.gr_ingr	0.189	0.187	0.169	0.220
	(0.234)	(0.233)	(0.234)	(0.235)
6.gr_ingr	0.152	0.161	0.141	0.190
	(0.245)	(0.244)	(0.245)	(0.246)
7.gr_ingr	0.174	0.188	0.176	0.205
	(0.254)	(0.253)	(0.253)	(0.254)
8.gr_ingr	0.138	0.160	0.162	0.165
	(0.311)	(0.310)	(0.311)	(0.312)
99.gr_ingr	0.565*	0.582*	0.580*	0.594**
	(0.299)	(0.298)	(0.299)	(0.298)
patron	-0.0770	-0.0263	-0.369	-0.0355
	(0.111)	(0.102)	(0.289)	(0.102)
singles	2.064***	2.206***	2.294***	2.069***
	(0.119)	(0.133)	(0.157)	(0.119)
0b.tax2020#0b.patron	0			
	(0)			
0b.tax2020#1.patron	0.0891			
	(0.0834)			
1o.tax2020#0b.patron	0			
	(0)			
1o.tax2020#1o.patron	0			
	(0)			
0b.tax2020#0b.singles		0		
		(0)		
0b.tax2020#1.singles		-0.282**		
		(0.125)		
1o.tax2020#0b.singles		0		
		(0)		
1o.tax2020#1o.singles		0		
		(0)		
0b.tax2020#1b.tipo_cons			0	
			(0)	
0b.tax2020#2.tipo_cons			-0.528*	
			(0.278)	
0b.tax2020#3.tipo_cons			-0.372	
			(0.287)	
0b.tax2020#4.tipo_cons			-0.663*	
			(0.341)	
1.tax2020#1b.tipo_cons			0.358	
			(0.291)	
1o.tax2020#2o.tipo_cons			0	
			(0)	
1o.tax2020#3o.tipo_cons			0	
			(0)	
1o.tax2020#4o.tipo_cons			0	
			(0)	
0b.tax2020#0b.sexo				0
				(0)
0b.tax2020#1.sexo				0.0911
				(0.0779)
1o.tax2020#0b.sexo				0
				(0)
1o.tax2020#1o.sexo				0
				(0)
Constant	2.832***	2.940***	3.354***	2.772***
	(0.660)	(0.660)	(0.732)	(0.662)
				
Observations	1,494	1,494	1,494	1,494
R-squared	0.375	0.379	0.380	0.376
Number of id_num	747	747	747	747
Standard errors in parentheses				
*** p<0.01, ** p<0.05, * p<0.1				
