	(1)	(2)	(3)	(4)
VARIABLES	ppu	ppu	ppu	ppu
				
tax2020	0.0413	0.214	0.120	0.450**
	(0.145)	(0.172)	(0.130)	(0.221)
covid19	0.197***	0.168***	0.187***	0.102*
	(0.0431)	(0.0508)	(0.0382)	(0.0540)
0b.tax2020#0b.singles	0	0	0	0
	(0)	(0)	(0)	(0)
0b.tax2020#1o.singles	0	0	0	0
	(0)	(0)	(0)	(0)
1.tax2020#0b.singles	0.0501	-0.160	-0.0381	-0.385*
	(0.138)	(0.167)	(0.125)	(0.216)
1o.tax2020#1o.singles	0	0	0	0
	(0)	(0)	(0)	(0)
0b.tax2020_sexo#0b.singles	0	0	0	0
	(0)	(0)	(0)	(0)
0b.tax2020_sexo#1o.singles	0	0	0	0
	(0)	(0)	(0)	(0)
1.tax2020_sexo#0b.singles	0.114	0.0935	0.113	0.0959
	(0.101)	(0.0998)	(0.0862)	(0.119)
1.tax2020_sexo#1.singles	-0.197	-0.262	-0.201	-0.522
	(0.201)	(0.248)	(0.183)	(0.344)
0b.tax2020#0b.patron	0	0	0	0
	(0)	(0)	(0)	(0)
0b.tax2020#1o.patron	0	0	0	0
	(0)	(0)	(0)	(0)
1.tax2020#0b.patron	0.0402	-0.0367	-0.0106	-0.0581
	(0.100)	(0.109)	(0.0886)	(0.139)
1o.tax2020#1o.patron	0	0	0	0
	(0)	(0)	(0)	(0)
0b.tax2020_sexo#0b.patron	0	0	0	0
	(0)	(0)	(0)	(0)
0b.tax2020_sexo#1o.patron	0	0	0	0
	(0)	(0)	(0)	(0)
1.tax2020_sexo#0b.patron	-0.0680	-0.0262	-0.0475	0.0677
	(0.128)	(0.152)	(0.118)	(0.195)
1o.tax2020_sexo#1o.patron	0	0	0	0
	(0)	(0)	(0)	(0)
0b.sexo#0b.singles	0	0	0	0
	(0)	(0)	(0)	(0)
0b.sexo#1o.singles	0	0	0	0
	(0)	(0)	(0)	(0)
1.sexo#0b.singles	-0.0571	-0.129	-0.0473	-0.0959
	(0.0482)	(0.236)	(0.0504)	(0.265)
1.sexo#1.singles	0.409***	0.154	0.336***	0.600*
	(0.103)	(0.300)	(0.102)	(0.349)
1b.edad_gr3#0b.singles	0	0	0	0
	(0)	(0)	(0)	(0)
1b.edad_gr3#1o.singles	0	0	0	0
	(0)	(0)	(0)	(0)
2.edad_gr3#0b.singles	-0.0307	-0.205	-0.0479	-0.194
	(0.0789)	(0.281)	(0.0842)	(0.387)
2.edad_gr3#1.singles	-0.516***	-0.334	-0.453***	-1.238**
	(0.123)	(0.410)	(0.126)	(0.552)
3.edad_gr3#0b.singles	-0.0747	-0.0267	-0.0932	0.0594
	(0.0778)	(0.334)	(0.0841)	(0.440)
3.edad_gr3#1.singles	-0.144	0.327	-0.0561	-0.205
	(0.130)	(0.456)	(0.133)	(0.620)
4.edad_gr3#0b.singles	-0.0442	0.290	-0.0166	0.398
	(0.0798)	(0.397)	(0.0875)	(0.533)
4.edad_gr3#1.singles	-0.252*	0.261	-0.154	-0.219
	(0.150)	(0.508)	(0.156)	(0.685)
5.edad_gr3#0b.singles	-0.00501	0.347	-0.00738	0.399
	(0.0851)	(0.454)	(0.0940)	(0.561)
5.edad_gr3#1.singles	0.0275	-0.368	-0.197	-0.447
	(0.186)	(0.586)	(0.193)	(0.776)
6.edad_gr3#0b.singles	-0.184**	0.761	-0.172**	1.287*
	(0.0759)	(0.563)	(0.0839)	(0.675)
6.edad_gr3#1.singles	-0.442***	0.663	-0.373**	0.230
	(0.155)	(0.639)	(0.160)	(0.787)
7.edad_gr3#0b.singles	-0.330***	0.570	-0.299***	0.969
	(0.0844)	(0.636)	(0.0947)	(0.761)
7.edad_gr3#1.singles	-0.338*	0.339	-0.411**	-0.362
	(0.203)	(0.751)	(0.209)	(0.944)
2b.educ_gr3#0b.singles	0	0	0	0
	(0)	(0)	(0)	(0)
2b.educ_gr3#1o.singles	0	0	0	0
	(0)	(0)	(0)	(0)
3.educ_gr3#0b.singles	0.205**	0.438*	0.277***	0.253
	(0.0903)	(0.245)	(0.0989)	(0.305)
3.educ_gr3#1.singles	-0.531***	-0.501	-0.431***	-2.890***
	(0.161)	(0.356)	(0.166)	(0.613)
4.educ_gr3#0b.singles	0.247***	0.316	0.301***	0.141
	(0.0777)	(0.231)	(0.0853)	(0.303)
4.educ_gr3#1.singles	-0.167	-0.632**	-0.174	-2.093***
	(0.131)	(0.314)	(0.134)	(0.505)
5.educ_gr3#0b.singles	0.180**	0.116	0.249***	0.0616
	(0.0833)	(0.263)	(0.0912)	(0.325)
5.educ_gr3#1.singles	-0.163	-0.854**	-0.207	-2.620***
	(0.140)	(0.386)	(0.144)	(0.580)
6.educ_gr3#0b.singles	0.406***	-0.0368	0.445***	0.0385
	(0.0797)	(0.265)	(0.0882)	(0.336)
6.educ_gr3#1.singles	0.565***	-0.561	0.534***	-2.178***
	(0.155)	(0.374)	(0.159)	(0.578)
9.educ_gr3#0b.singles	0.427***	-0.137	0.396***	-0.443
	(0.116)	(0.305)	(0.126)	(0.376)
9.educ_gr3#1.singles	0.775***	1.111**	0.914***	-3.018***
	(0.255)	(0.475)	(0.256)	(0.767)
3b.ingr_gr#0b.singles	0	0	0	0
	(0)	(0)	(0)	(0)
3b.ingr_gr#1o.singles	0	0	0	0
	(0)	(0)	(0)	(0)
5.ingr_gr#0b.singles	0.0496	0.0969	0.0767	0.102
	(0.0592)	(0.106)	(0.0599)	(0.125)
5.ingr_gr#1.singles	0.237**	-0.0858	0.196*	0.0127
	(0.102)	(0.192)	(0.102)	(0.271)
6.ingr_gr#0b.singles	0.128*	0.0555	0.116*	0.0446
	(0.0672)	(0.126)	(0.0686)	(0.149)
6.ingr_gr#1.singles	0.352***	-0.0741	0.274**	0.247
	(0.135)	(0.262)	(0.134)	(0.339)
7.ingr_gr#0b.singles	0.175***	0.0630	0.171**	0.180
	(0.0647)	(0.145)	(0.0684)	(0.172)
7.ingr_gr#1.singles	0.201	-0.386	0.0714	-0.156
	(0.149)	(0.276)	(0.147)	(0.401)
99.ingr_gr#0b.singles	-0.0890	0.262	-0.0232	0.211
	(0.106)	(0.215)	(0.112)	(0.246)
99.ingr_gr#1.singles	-0.102	-0.0209	-0.119	-0.445
	(0.163)	(0.291)	(0.163)	(0.353)
1.singles	2.903***	3.841***	3.045***	5.947***
	(0.175)	(0.381)	(0.177)	(0.621)
1.patron	-0.0868*	-0.0519	-0.0633	-0.0295
	(0.0455)	(0.0893)	(0.0455)	(0.102)
Constant	2.689***	2.456***	2.607***	2.246***
	(0.0986)	(0.397)	(0.105)	(0.558)
				
Observations	4,073	4,073	4,073	1,350
R-squared	0.486	0.478		0.478
Number of id_num		2,631	2,631	450
Standard errors in parentheses				
*** p<0.01, ** p<0.05, * p<0.1				
