	(1)	(2)	(3)	(4)
VARIABLES	consumo_semanal	consumo_semanal	consumo_semanal	consumo_semanal
				
tax2020	0.296	0.332	-0.231	0.00996
	(4.153)	(2.975)	(2.664)	(4.440)
covid19	-2.324*	1.369	-0.625	0.956
	(1.233)	(0.878)	(0.780)	(1.086)
0b.tax2020#0b.singles	0	0	0	0
	(0)	(0)	(0)	(0)
0b.tax2020#1o.singles	0	0	0	0
	(0)	(0)	(0)	(0)
1.tax2020#0b.singles	-3.316	-1.859	-2.711	-1.313
	(3.950)	(2.894)	(2.572)	(4.340)
1o.tax2020#1o.singles	0	0	0	0
	(0)	(0)	(0)	(0)
0b.tax2020_sexo#0b.singles	0	0	0	0
	(0)	(0)	(0)	(0)
0b.tax2020_sexo#1o.singles	0	0	0	0
	(0)	(0)	(0)	(0)
1.tax2020_sexo#0b.singles	-1.807	1.093	0.614	0.359
	(2.901)	(1.725)	(1.661)	(2.392)
1.tax2020_sexo#1.singles	-5.584	0.793	-1.403	-1.863
	(5.762)	(4.291)	(3.796)	(6.905)
0b.tax2020#0b.patron	0	0	0	0
	(0)	(0)	(0)	(0)
0b.tax2020#1o.patron	0	0	0	0
	(0)	(0)	(0)	(0)
1.tax2020#0b.patron	0.397	1.082	1.623	0.903
	(2.863)	(1.893)	(1.763)	(2.792)
1o.tax2020#1o.patron	0	0	0	0
	(0)	(0)	(0)	(0)
0b.tax2020_sexo#0b.patron	0	0	0	0
	(0)	(0)	(0)	(0)
0b.tax2020_sexo#1o.patron	0	0	0	0
	(0)	(0)	(0)	(0)
1.tax2020_sexo#0b.patron	4.215	-1.123	0.705	-0.497
	(3.666)	(2.635)	(2.407)	(3.921)
1o.tax2020_sexo#1o.patron	0	0	0	0
	(0)	(0)	(0)	(0)
0b.sexo#0b.singles	0	0	0	0
	(0)	(0)	(0)	(0)
0b.sexo#1o.singles	0	0	0	0
	(0)	(0)	(0)	(0)
1.sexo#0b.singles	-3.834***	6.825*	-3.440***	6.046
	(1.380)	(4.077)	(1.321)	(5.317)
1.sexo#1.singles	-0.552	1.914	-3.629	0.264
	(2.956)	(5.194)	(2.465)	(7.016)
1b.edad_gr3#0b.singles	0	0	0	0
	(0)	(0)	(0)	(0)
1b.edad_gr3#1o.singles	0	0	0	0
	(0)	(0)	(0)	(0)
2.edad_gr3#0b.singles	-1.941	-7.358	-1.920	-12.36
	(2.257)	(4.867)	(2.171)	(7.783)
2.edad_gr3#1.singles	-0.729	-5.490	-0.174	-12.40
	(3.521)	(7.097)	(3.186)	(11.09)
3.edad_gr3#0b.singles	-3.066	0.408	0.832	-6.878
	(2.225)	(5.775)	(2.205)	(8.836)
3.edad_gr3#1.singles	1.782	1.801	3.701	-9.648
	(3.708)	(7.879)	(3.368)	(12.45)
4.edad_gr3#0b.singles	-0.508	2.557	3.314	-1.505
	(2.281)	(6.871)	(2.323)	(10.72)
4.edad_gr3#1.singles	-1.115	-1.626	0.992	-6.427
	(4.287)	(8.792)	(3.821)	(13.77)
5.edad_gr3#0b.singles	1.256	-7.920	4.054	-11.58
	(2.435)	(7.846)	(2.503)	(11.28)
5.edad_gr3#1.singles	-2.622	-8.232	3.065	-13.23
	(5.316)	(10.14)	(4.634)	(15.60)
6.edad_gr3#0b.singles	2.701	1.680	6.888***	-5.378
	(2.171)	(9.728)	(2.264)	(13.57)
6.edad_gr3#1.singles	3.301	-0.541	7.281*	-6.060
	(4.446)	(11.06)	(3.890)	(15.82)
7.edad_gr3#0b.singles	13.06***	-1.375	14.57***	-8.753
	(2.413)	(10.99)	(2.576)	(15.30)
7.edad_gr3#1.singles	1.429	-0.0249	5.642	-13.39
	(5.795)	(12.99)	(5.179)	(18.98)
2b.educ_gr3#0b.singles	0	0	0	0
	(0)	(0)	(0)	(0)
2b.educ_gr3#1o.singles	0	0	0	0
	(0)	(0)	(0)	(0)
3.educ_gr3#0b.singles	-5.866**	-2.340	-6.408**	-4.840
	(2.581)	(4.242)	(2.489)	(6.138)
3.educ_gr3#1.singles	-1.011	3.454	1.166	-1.435
	(4.613)	(6.151)	(3.984)	(12.32)
4.educ_gr3#0b.singles	-6.525***	-1.020	-5.746***	-3.219
	(2.223)	(3.997)	(2.178)	(6.087)
4.educ_gr3#1.singles	-1.037	-0.0499	-2.383	-3.197
	(3.744)	(5.433)	(3.251)	(10.16)
5.educ_gr3#0b.singles	-6.327***	0.521	-5.422**	0.160
	(2.383)	(4.552)	(2.343)	(6.539)
5.educ_gr3#1.singles	1.422	-1.758	-1.358	-7.471
	(4.006)	(6.667)	(3.612)	(11.66)
6.educ_gr3#0b.singles	-2.216	1.567	-2.495	-2.620
	(2.280)	(4.584)	(2.277)	(6.761)
6.educ_gr3#1.singles	0.964	2.936	1.401	-4.105
	(4.439)	(6.461)	(3.836)	(11.62)
9.educ_gr3#0b.singles	1.973	-0.630	-0.883	-3.930
	(3.315)	(5.278)	(3.143)	(7.554)
9.educ_gr3#1.singles	0.474	2.589	3.198	-5.188
	(7.304)	(8.221)	(5.857)	(15.42)
3b.ingr_gr#0b.singles	0	0	0	0
	(0)	(0)	(0)	(0)
3b.ingr_gr#1o.singles	0	0	0	0
	(0)	(0)	(0)	(0)
5.ingr_gr#0b.singles	0.0904	4.525**	2.114	6.077**
	(1.692)	(1.835)	(1.381)	(2.505)
5.ingr_gr#1.singles	0.226	2.412	0.679	6.567
	(2.925)	(3.312)	(2.389)	(5.443)
6.ingr_gr#0b.singles	0.221	6.708***	3.571**	7.526**
	(1.921)	(2.174)	(1.596)	(2.985)
6.ingr_gr#1.singles	1.447	6.420	3.060	7.364
	(3.861)	(4.531)	(3.153)	(6.811)
7.ingr_gr#0b.singles	3.986**	6.869***	5.606***	6.007*
	(1.849)	(2.509)	(1.663)	(3.452)
7.ingr_gr#1.singles	0.429	4.706	2.321	1.937
	(4.258)	(4.777)	(3.414)	(8.053)
99.ingr_gr#0b.singles	-9.369***	4.998	-2.634	5.496
	(3.033)	(3.720)	(2.668)	(4.938)
99.ingr_gr#1.singles	0.809	1.357	-0.0751	4.771
	(4.662)	(5.039)	(3.770)	(7.089)
1.singles	-16.10***	-0.546	-10.48**	1.259
	(5.004)	(6.585)	(4.255)	(12.47)
1.patron	42.58***	19.86***	34.04***	19.27***
	(1.301)	(1.544)	(1.076)	(2.053)
Constant	19.24***	16.94**	17.50***	28.93**
	(2.821)	(6.861)	(2.694)	(11.21)
				
Observations	4,073	4,073	4,073	1,350
R-squared	0.366	0.145		0.134
Number of id_num		2,631	2,631	450
Standard errors in parentheses				
*** p<0.01, ** p<0.05, * p<0.1				
