	(1)	(2)	(3)	(4)
VARIABLES	consumo_semanal	consumo_semanal	consumo_semanal	consumo_semanal
				
tax2020	-2.287*	-0.549	-1.439**	-0.820
	(1.228)	(0.746)	(0.703)	(1.061)
covid19	-3.928	0.742	-0.0867	-0.343
	(4.198)	(3.438)	(2.907)	(4.610)
0b.covid19#0b.singles	0	0	0	0
	(0)	(0)	(0)	(0)
0b.covid19#1o.singles	0	0	0	0
	(0)	(0)	(0)	(0)
1.covid19#0b.singles	3.159	3.690	2.811	3.367
	(4.000)	(3.353)	(2.811)	(4.554)
1o.covid19#1o.singles	0	0	0	0
	(0)	(0)	(0)	(0)
0b.covid19_sexo#0b.singles	0	0	0	0
	(0)	(0)	(0)	(0)
0b.covid19_sexo#1o.singles	0	0	0	0
	(0)	(0)	(0)	(0)
1.covid19_sexo#0b.singles	-5.812**	-5.488***	-6.337***	-4.897**
	(2.919)	(1.921)	(1.782)	(2.342)
1.covid19_sexo#1.singles	-1.951	-4.659	-4.468	-5.098
	(5.895)	(4.998)	(4.165)	(7.094)
0b.covid19#0b.patron	0	0	0	0
	(0)	(0)	(0)	(0)
0b.covid19#1o.patron	0	0	0	0
	(0)	(0)	(0)	(0)
1.covid19#0b.patron	-1.127	-4.698**	-4.977***	-3.420
	(2.816)	(2.158)	(1.879)	(2.802)
1o.covid19#1o.patron	0	0	0	0
	(0)	(0)	(0)	(0)
0b.covid19_sexo#0b.patron	0	0	0	0
	(0)	(0)	(0)	(0)
0b.covid19_sexo#1o.patron	0	0	0	0
	(0)	(0)	(0)	(0)
1.covid19_sexo#0b.patron	7.818**	8.946***	9.653***	10.02**
	(3.673)	(3.075)	(2.597)	(4.018)
1o.covid19_sexo#1o.patron	0	0	0	0
	(0)	(0)	(0)	(0)
0b.sexo#0b.singles	0	0	0	0
	(0)	(0)	(0)	(0)
0b.sexo#1o.singles	0	0	0	0
	(0)	(0)	(0)	(0)
1.sexo#0b.singles	-3.058**	6.849*	-2.687**	5.826
	(1.382)	(4.058)	(1.348)	(5.299)
1.sexo#1.singles	-2.665	0.946	-4.962**	-1.089
	(2.871)	(5.060)	(2.431)	(7.136)
1b.edad_gr3#0b.singles	0	0	0	0
	(0)	(0)	(0)	(0)
1b.edad_gr3#1o.singles	0	0	0	0
	(0)	(0)	(0)	(0)
2.edad_gr3#0b.singles	-1.876	-7.493	-1.999	-12.15
	(2.255)	(4.839)	(2.167)	(7.731)
2.edad_gr3#1.singles	-0.904	-5.112	-0.426	-11.34
	(3.529)	(7.090)	(3.191)	(11.07)
3.edad_gr3#0b.singles	-2.970	0.646	0.847	-6.600
	(2.224)	(5.748)	(2.203)	(8.775)
3.edad_gr3#1.singles	1.624	3.053	3.737	-6.953
	(3.704)	(7.866)	(3.362)	(12.42)
4.edad_gr3#0b.singles	-0.548	2.870	3.217	-0.464
	(2.281)	(6.831)	(2.320)	(10.66)
4.edad_gr3#1.singles	-1.675	-0.561	0.739	-4.099
	(4.300)	(8.758)	(3.816)	(13.70)
5.edad_gr3#0b.singles	1.263	-7.516	4.037	-11.13
	(2.433)	(7.811)	(2.500)	(11.22)
5.edad_gr3#1.singles	-2.807	-6.914	3.118	-11.95
	(5.314)	(10.12)	(4.628)	(15.53)
6.edad_gr3#0b.singles	2.760	2.095	6.896***	-4.654
	(2.171)	(9.687)	(2.262)	(13.49)
6.edad_gr3#1.singles	3.021	1.099	7.449*	-3.550
	(4.442)	(11.03)	(3.880)	(15.77)
7.edad_gr3#0b.singles	13.10***	-0.696	14.60***	-7.798
	(2.412)	(10.96)	(2.574)	(15.22)
7.edad_gr3#1.singles	1.094	1.816	5.800	-9.261
	(5.776)	(12.96)	(5.161)	(18.89)
2b.educ_gr3#0b.singles	0	0	0	0
	(0)	(0)	(0)	(0)
2b.educ_gr3#1o.singles	0	0	0	0
	(0)	(0)	(0)	(0)
3.educ_gr3#0b.singles	-5.721**	-1.998	-6.138**	-4.887
	(2.582)	(4.224)	(2.485)	(6.095)
3.educ_gr3#1.singles	-0.724	3.820	1.245	-2.624
	(4.599)	(6.121)	(3.969)	(12.25)
4.educ_gr3#0b.singles	-6.407***	-0.733	-5.525**	-3.084
	(2.222)	(3.980)	(2.174)	(6.024)
4.educ_gr3#1.singles	-0.981	0.594	-2.326	-2.895
	(3.734)	(5.423)	(3.241)	(10.11)
5.educ_gr3#0b.singles	-6.350***	0.591	-5.420**	0.258
	(2.382)	(4.533)	(2.340)	(6.491)
5.educ_gr3#1.singles	1.407	-0.953	-1.354	-6.275
	(4.007)	(6.623)	(3.605)	(11.62)
6.educ_gr3#0b.singles	-2.019	1.960	-2.143	-2.057
	(2.279)	(4.564)	(2.273)	(6.708)
6.educ_gr3#1.singles	0.976	3.487	1.506	-3.683
	(4.433)	(6.423)	(3.824)	(11.57)
9.educ_gr3#0b.singles	2.021	-0.742	-0.813	-4.208
	(3.314)	(5.248)	(3.137)	(7.508)
9.educ_gr3#1.singles	0.375	2.574	2.966	-4.980
	(7.291)	(8.121)	(5.823)	(15.39)
3b.ingr_gr#0b.singles	0	0	0	0
	(0)	(0)	(0)	(0)
3b.ingr_gr#1o.singles	0	0	0	0
	(0)	(0)	(0)	(0)
5.ingr_gr#0b.singles	0.0307	4.181**	2.013	5.506**
	(1.691)	(1.830)	(1.378)	(2.499)
5.ingr_gr#1.singles	0.255	1.651	0.517	5.575
	(2.925)	(3.306)	(2.386)	(5.429)
6.ingr_gr#0b.singles	0.162	6.453***	3.565**	7.181**
	(1.921)	(2.163)	(1.592)	(2.966)
6.ingr_gr#1.singles	1.300	5.244	2.615	5.951
	(3.862)	(4.528)	(3.148)	(6.783)
7.ingr_gr#0b.singles	3.899**	6.511***	5.471***	5.632
	(1.847)	(2.496)	(1.660)	(3.432)
7.ingr_gr#1.singles	0.625	3.333	2.028	0.719
	(4.260)	(4.791)	(3.413)	(8.085)
99.ingr_gr#0b.singles	-9.549***	4.996	-2.542	5.207
	(3.032)	(3.700)	(2.663)	(4.913)
99.ingr_gr#1.singles	0.461	1.013	-0.389	3.576
	(4.662)	(5.014)	(3.762)	(7.088)
1.singles	-13.55***	1.027	-7.932*	2.079
	(5.062)	(6.510)	(4.265)	(12.49)
1.patron	42.60***	19.56***	33.24***	19.53***
	(1.301)	(1.509)	(1.081)	(2.037)
Constant	18.62***	16.64**	17.28***	28.27**
	(2.818)	(6.830)	(2.694)	(11.16)
				
Observations	4,073	4,073	4,073	1,350
R-squared	0.367	0.152		0.142
Number of id_num		2,631	2,631	450
Standard errors in parentheses				
*** p<0.01, ** p<0.05, * p<0.1				
